EW_shades <- list(red=c('#E82B70','#C80B50','#A80030','#780000'),
                  blue=c('#1E88E5','#0E68C5','#0048A5','#0028C5'),
                  yellow=c('#FFC107','#DFA100','#BF8100'),
                  green=c('#5CDC63','#3CBC83','#7CFC83'),
                  black=c('black', 'gray60', 'gray80'))
EW_fonts <- c('#D81B60', '#E0A608', '#2B6DA8', '#45A649', 'black')
